$ANSIBLE_VAULT;1.1;AES256
37666136383532306130346165313935656531616333623263656134393737323436636638303662
3132636464333933366634353539616139346532386330620a363964633038316161663335663839
38356339326139656633633237633337366561373362643737376265366137363135643932353063
3334326237336438370a396438626165633466333165376335363561336165666665656261373336
37366532636163663463336336663863346164353831353261316533616164626266336537323534
30666633303035316362346331326436326262316139663531646439613137323161616162383636
35633335373063376365666262643364376133333164343565313834306535386362613231343462
64306162643834343036396234333436383261313964323438623232316664666238333766376439
37373233323564313964313333623662633262313932353362373735326537303632643364396633
37633663346239346134643063643133376631356435363361303530626462306466313433343736
35323162353530646564623337323735366363326164646462306165353837653436306563663565
33393233353234366266633731633337353039386430313731383861356365343933346631633331
64633262643762323432323064316362656330313633363138353761363035313637663137616465
31313831653437363164353237656235393435653434313865313866643765623061386265636366
31613631303365306566303135306466303161633665643538336137623136663839333363613032
39633130623033656462353664363133373233336666313333343433363935363061353163353562
62346337346335373133623930383138666330363466393631353634623233663165363832306539
64613039323563616363323361313833653236366436346164313732353264643263633862333038
34306362343234623736646363313436353661303539373738653965343165643636333865336431
62613030393737353038626361323062393039656462646431303833333866303535616464323764
66303664386637383533373937326135353035346133636232626539303533343366613364633066
64303639356463366665653337636363633835383431626364343630343866633030373463363333
38656363386535336530646363333031393935613131623363396364653661316662396164613532
36643039303034636331643463663531653666666230623364396532616664346433386533363464
30306163623434346433306132386138653934353564666339336631633865643037616535316633
34306663386137333736343963343532383238613962623139316236353037623062306634666564
34656235303763383531623437303564656430333363366232633566323333346538643531333636
66373131336233643830393835356333616666623831353836353766333630366132323763323235
62613134386263376564336364393066613931653737363963306331393031613365353365373035
37316662303165613136623838646137346635326465613531333331343332626664356239663339
61646264346366616664363832613237323439356439626462343435366665636266336437356464
32653963386431656261356330333262323936373631393464373330353633343639646539346234
30643862653435366330323439643132663366366439326434363532643664616165343966393034
66643662336432626333656665346664616238363961613931633932633433306461333862316336
39653335306232646265313864353865383436356135333632623632643361303736393730366235
37323431363462396337363162623537636263613761663736383933356439353461396431666363
36356331313637303839363032363031356634633162636537643934636432383265626432656236
65303734626239353863356264333666613961633234613431623161663635613263303633336361
66356634343638333066366138633338303235396637326133633761336539326131376237393836
33346137653264306134623436663837316238636530343166333331396230393837333263663232
39646266613034363634393737393465613663393430653132613866623063363234643965636239
34373166633063353633356132383865646230663430326638303661343864306561363836313938
36663866353334623061353431353462316330356265366631356562373739386136613938626434
63386564626235316235356266383337303563653536363830626433616539386462396165313032
61306464323135303039666536393163353461373562383062616331313365306533663739333738
38653434653434333663366330316636633734663034646566313338373162633434663738303361
37326137653064653735343237353666313363386332316364336134666363656463666334356563
31303466346166643132316437303836333161363735316237356366316661663239346436323466
35613034306261623463393063323062313630343034306333393535393037303237376437323066
31613238373865336430383465376436326434376632306264646362653865643566666434383635
30633864333435666237343731646266326662346630636465343932343938633933613331353037
31343138623666663066356466383564626231646366356339313663393734373764396332626466
65613539386230316436306131343238343039356264613666623337306232303864303230353161
61356139623430633231303137633464306663383231343836313262353963356531336636623630
65393564363263333235643230376464636537616338363137616566376635376666343766303839
66353137313966306138613132343831316239376532363232376532626664393130346239303965
37353563663833646338663565623364633163643261643636666362653237383664353934393462
35653464666130353664653139363264336130373833313461646437646166366230623963653666
64623664316535363731343539336564343136306166393263336261346434623737616232666161
31356230323736626235393535396566363536616336646364626564373439323937653235636235
31623465303235646632643133353765366164633031366439326463383766626337393434643461
39633863376534633333643338636337346461646162386635653630306361666239306436343635
31626534646665646539633364616130386338346535663264333037396266656536343037386161
34636265656630353063353461613433383234613538633334303734613439383635376664363462
30396130363866623937643765383334333433616135316537356230343532383161333933646237
34623739336361386264363936313438326530363861373833636363646466313932396161623934
33386639373835613034613631616633366364616337623639386536396334633732663038626162
63356661663332363639323632616664373931386132383138623864363662663639396432393763
35636434393333336431656366636235363536333638636164363130313031633262306537643363
33653933633238316336303065633362636133363162396638373636316239636464323037646665
36376263363431626131343662333936326464636362356332666365363738316237376532323938
36366537663562396430373265376437663234653437633565303462366363323333303765363733
36336534333234663732303835623335623239653332386130313437356535323762396565366663
61646164386438396266373466313366633836386561636664633734366438663935643931353665
64373232303532616630633436343364353631383330633765386165616430633730616462376535
38333065643639343336653332666635306432393033663637663836336538323336623461656466
66353636326431643565306164333664303764633364633735353838363964663037366132383130
63623465376231366134353862356464636362323232613663333835303830316565616431323431
62636336656563363236633934643162623933373332313061316533326636613236616336336162
63313230653432396632326539346666666165343337643733646336653335636231643032393464
32646562656632396232336362393734363564393262303830366636653733623336666636323164
33663665633336313438376632636637373030323536353030663637616464356634303633663133
36306233636639633830363732306536346131376365366139626434613337643137303763343366
64363266313630303130613730313638373864646132373333373765393032333663363435363739
33323761313665613435323362326433373738626537663164623934306365343532663231366233
64386134363636663464653831306464313764333232316164643965326230656134366262646463
38363538616530663732643235376132633437396433353337633762393365303566306237643963
62386235303038633466326238633865633036326138333261396637623933323433336337633363
32663065383662373130643834373336613965636337623632646262303565613762323934663634
38386134353861323362626536313861623761323466396639356238643632363331306234346532
33343437326263373135616336633336386565303161633564303166613334663830623237636661
61663635623861383662303962326239363036393538313239653262303363346136656663656237
32663035316564653135376364353738613534356262343765666631363664333433343833613839
35393766343963316432393738303132616363386434623333353734616331323538396532336632
61353864663761303234613465613664346565333734343536393732373864323431613934656165
32383532303339663866363366303966346362333233303461376331356231663666336262373137
38623831663963303936316634316235656130353534376562303662343335663938316333323032
35636164666362376130383263373235626133393764326363376430323034653536353135383339
39396662383339363838336464373331353364323939366364376161623532373836633933366433
35616662613330643238353962633661376637653134636334336435656534386262303439636365
37333466393335396664303963356637376235353937303233306235323163663634613661376233
66663838363231376233353966653234613532373739626661366361326632653730343462316364
63396163653739326365313434313664333065386665636638306432653935376362653663363062
35386166343438323665646561613930616661653065396634323835333932386132636135646566
66383534633633343038373939613839386361313633373033396264343130616665656336393930
34323237353464373963383466333261613137316362323965313938663331333866346238333234
61386564303065633935653836623434623736386335333465333634376133636533353434643062
34653862346238643039383062633432663137306335356139363332393632643738363962316535
62613866623731343936303833633563666331383335336137653833663530353632653638656563
38636464323834333535613836663835663536353833373734303133616632373762353764323630
35353164323933343638613935336362373962346361306433616337343036656662383430366532
35393264613635643830303235343766666263626338636437386630313863363662633030323333
34333561376431666165663034643932306162336337323131393861616633613130646166643436
33313236323339326236316531316266393466333738356239333636653233323638663566656430
34336238376562613032376463313433633330303037393261333632343033373536636461646166
33623261383432346238373463633466646130336163326663313730646136383334376465663563
37333035336236613364346337633634633732326633646336653730313335313433613232363063
39393564353366343365636635383561313733313235633164636632646537623363353134393030
35333335346532393136383163393466613838313161656333346434323334666161653431336363
63336262356266353636306636666362663139393234653237363830393132643262663132323732
30613565316134313236636239376530353531353963396334343931353030316330663132346363
65343261333431396634373033383630616539383531383062393965353733353866623131313431
30643534346161656630336463366436376462393834663232326465396161393933346235653330
61613034323666613462306137653439343037323830613339616137346238303536653265653938
62383562366561366462303038316338306463663431646237386666663965396431376530646633
61656439353764336263346233643637343130646334353565313563393163616262356263393832
65636361643062633131653236316333353837666436303835326133363638636232663138303464
30396463396537633266646136363063653431666361636136316665376238373233666261666230
30336532666631363030366331383963613965343535396562326537333439333731383962386435
33313865383833316233376632373463653361653264353061633564356537626661333766656464
63326665353637383632363637363839386336333831363865383463373536376661383633663136
36623061653763393033663262633730633565343930613630346261653836396539393736306530
36626130353930323762326537343762643537663634363031363838633362623061626531303866
36333232313232343338643839613232643537636131636434363561343430323439323364303538
34663735373934653331346533313834663966336635383266303763326531373931333465353735
65646231363666616666306639393666373236343630313232323039326164376531656365313433
64613065336538313237316463346433303135343131393564343035376335346665636531383837
32303736303731643233373366396538346466353630316537353361383061303765396231386363
62643366663863333436303065623330353964393061303637633363613438366562623832623032
35313366336332616632613363346361666639626365326231366534363164376238353030363766
34343430386462656136646639646337383630303836313264313632356231323438336264643265
62666566623638326636316562346163393863666163353034373834333837653038663037623536
33393433316330646431303663383163326236346661633135333636316162666533396439356565
33353033623634343731306230656465376363663932646366393238316161343764313435353163
64303035633736303835353263393431376363376237666530626366323838326161323038663633
62353233313532653165653639646361353239363336613262383136336135653464343036346362
61613661383633633463313462393431333133326230393033303638623335333333633639386233
66653932633939663562356335623833306134333131643932386337616539346633616566393033
61616664333263613766646261383066303038313430353463386363666431626264623562326634
38313765383132336566353932666437383932666565636636383538333636306539643332626662
64633335373832653436633638626662663464616466383131636363303832336239353831316563
32616130376664616136353730623734353861343436316266376431663336623864383839366637
63616235326332643934613332356265353838623338626630353665333133366131363164326632
61386532396532653838366133623461343536373233363365393762373538643564663333343830
65373232383661346137613636373137656538653736636135323435633538653537653961363764
65313634643865356465656433386532366163366134363331396362336637353534366338663762
33356134633739663063353538653263386330313935623961323634336136356639616137323566
63346231613231336239336362653537303262303838313464616231633639373135616665613630
32623261336562333436326364383061643734383264646362303235386134363032313036666564
30373662613433656134393737306134386163613730653030663737393534333130386166633237
37386132646364646363666534393365666232633830373666666565313265336364333965633438
36653166396233623539636339363365393534386631393761653065636431393836633735623466
62303532353866393063306437393864646565643737613764373932393164643431366336643434
30393162336233353365633332373431343332613039653130336436333366663238316161383364
32366538626665313032353662313437353130306562393430633832316466393962303831663836
32623539306135323837666663646335363631396662316665653966633461663661303366353237
31356461656139346236646361633935396335656635303832376465626666396130303030363764
31313538623330653034396636396132643563633031396165656462393039623663353566346664
66643239613234623266336163663237343835363233343364656533383537383563313439643530
65643437376639653766306666363930323139336461616432623161346538663935313838353939
63386139303566383736663236646364363537643336633764306537633864303237653830356631
39383233376666633034353961336530356330326237656634663433643036623962396334626165
62653337323933363964613837646331656562633436373237613432313564323830663164626164
6165396565323532623133313034386539333034626536356266
