$ANSIBLE_VAULT;1.1;AES256
39383333313464326137353834613237303532613838333935633630663934616163386563353463
6466643334373166643936306266396263303639623065630a363031373932656237333736623036
62313863336265613435333330656266303966356330646266653766333537363662323934376162
6463653834333136300a326339323666353434346364353030366563643564343930363239653934
33623630623136646661616166373935633163633438313637356264333764393665613237313366
61656139383037376264623530303563346433396335363839643965323865623834643764346636
38663961366562666463383562633664313335326166333739623638643666396534303264313062
61663130383931383835663432356263623935306137636530363334663461626237306639646637
35313732636132636265613962393465353432663337343733633933363035663636303966323030
38396364623034383965643539653666376463626133386335626339656136373831663332333863
37646639316431366637646432373164366135626138333134323433363632316439333334313765
31346632666230323565613436313934343938633530396332366565353332396132303663333537
37613261646434336563663731326634306566643530643563646165343763386665346534633366
32353330383336643362343161653565663961353536346565363430376132353737353834663862
38363366633562623234326363653836356161303635326434616432386434613862616635353838
37316162326239323333346337613736373035313537393562316133376130323963306139646562
61616231663466323436613031323165326337663531623332336335623033616261643530613266
37653836363661303236656532353063383634376338393638663165666639323439363466666239
31353066303531353233363333646536376133356336303337613834656332346161633731616630
38396166316636623436346334393530373963626265653862613736653832643030616137366437
63386662643830336163393738373530656230306566623361396561646635623465643633303632
3730623039646339643364346361393032366532383266653263
